2022 3 13 13 18 1 674
2022 3 13 13 21 1 674
2022 3 13 13 24 1 679
2022 3 13 13 27 0 674
2022 3 13 13 30 0 671
2022 3 13 13 33 0 669
2022 3 13 13 36 0 669
2022 3 13 13 39 0 668
2022 3 13 13 42 0 668
2022 3 13 13 44 59 667
2022 3 13 13 47 59 669
2022 3 13 13 50 59 667
2022 3 13 13 53 59 665
2022 3 13 13 56 59 658
2022 3 13 13 59 59 647
2022 3 13 14 2 58 537
2022 3 13 14 5 58 331
2022 3 13 14 8 58 185
2022 3 13 14 11 58 165
2022 3 13 14 14 58 162
2022 3 13 14 17 58 159
2022 3 13 14 20 58 157
2022 3 13 14 23 57 155
2022 3 13 14 26 57 152
2022 3 13 14 29 57 150
2022 3 13 14 32 57 147
2022 3 13 14 35 57 143
2022 3 13 14 38 57 138
2022 3 13 14 41 56 137
2022 3 13 14 44 56 129
2022 3 13 14 47 56 125
2022 3 13 14 50 56 113
2022 3 13 14 53 56 101
2022 3 13 14 56 56 91
2022 3 13 14 59 55 79
2022 3 13 15 2 55 74
2022 3 13 15 5 55 69
2022 3 13 15 8 55 65
2022 3 13 15 11 55 65
2022 3 13 15 14 54 62
2022 3 13 15 17 54 60
2022 3 13 15 20 54 59
2022 3 13 15 23 54 57
2022 3 13 15 26 54 54
2022 3 13 15 29 54 51
2022 3 13 15 32 53 50
2022 3 13 15 35 53 49
2022 3 13 15 38 53 48
2022 3 13 15 41 53 48
2022 3 13 15 44 53 47
2022 3 13 15 47 53 46
2022 3 13 15 50 52 44
2022 3 13 15 53 52 41
2022 3 13 15 56 52 40
2022 3 13 15 59 52 39
2022 3 13 16 2 52 40
2022 3 13 16 5 51 39
2022 3 13 16 8 51 38
2022 3 13 16 11 51 37
2022 3 13 16 14 51 34
2022 3 13 16 17 51 33
2022 3 13 16 20 51 31
2022 3 13 16 23 50 30
2022 3 13 16 26 50 30
2022 3 13 16 29 50 30
2022 3 13 16 32 50 30
2022 3 13 16 35 50 29
2022 3 13 16 38 50 28
2022 3 13 16 41 49 27
2022 3 13 16 44 49 26
2022 3 13 16 47 49 25
2022 3 13 16 50 49 25
2022 3 13 16 53 49 24
2022 3 13 16 56 48 24
2022 3 13 16 59 48 24
2022 3 13 17 2 48 23
2022 3 13 17 5 48 22
2022 3 13 17 8 48 21
